Locus,Total_Depth,Average_Depth_sample,Depth_for_NA12878
17:69000,5,5.00,5
17:69001,5,5.00,5
17:69002,5,5.00,5
17:69003,5,5.00,5
17:69004,5,5.00,5
17:69005,5,5.00,5
17:69006,5,5.00,5
17:69007,5,5.00,5
17:69008,5,5.00,5
17:69009,4,4.00,4
17:69010,3,3.00,3
17:69011,2,2.00,2
17:69012,2,2.00,2
17:69013,2,2.00,2
17:69014,2,2.00,2
17:69015,2,2.00,2
17:69016,2,2.00,2
17:69017,2,2.00,2
17:69018,2,2.00,2
17:69019,2,2.00,2
17:69020,2,2.00,2
17:69021,2,2.00,2
17:69022,2,2.00,2
17:69023,2,2.00,2
17:69024,2,2.00,2
17:69025,2,2.00,2
17:69026,2,2.00,2
17:69027,2,2.00,2
17:69028,2,2.00,2
17:69029,2,2.00,2
17:69030,2,2.00,2
17:69031,2,2.00,2
17:69032,3,3.00,3
17:69033,3,3.00,3
17:69034,3,3.00,3
17:69035,3,3.00,3
17:69036,3,3.00,3
17:69037,3,3.00,3
17:69038,4,4.00,4
17:69039,4,4.00,4
17:69040,4,4.00,4
17:69041,3,3.00,3
17:69042,3,3.00,3
17:69043,3,3.00,3
17:69044,3,3.00,3
17:69045,3,3.00,3
17:69046,3,3.00,3
17:69047,3,3.00,3
17:69048,3,3.00,3
17:69049,3,3.00,3
17:69050,3,3.00,3
17:69051,3,3.00,3
17:69052,3,3.00,3
17:69053,3,3.00,3
17:69054,3,3.00,3
17:69055,3,3.00,3
17:69056,3,3.00,3
17:69057,3,3.00,3
17:69058,3,3.00,3
17:69059,3,3.00,3
17:69060,3,3.00,3
17:69061,3,3.00,3
17:69062,3,3.00,3
17:69063,3,3.00,3
17:69064,3,3.00,3
17:69065,2,2.00,2
17:69066,2,2.00,2
17:69067,2,2.00,2
17:69068,2,2.00,2
17:69069,2,2.00,2
17:69070,2,2.00,2
17:69071,2,2.00,2
17:69072,2,2.00,2
17:69073,2,2.00,2
17:69074,2,2.00,2
17:69075,2,2.00,2
17:69076,2,2.00,2
17:69077,2,2.00,2
17:69078,2,2.00,2
17:69079,2,2.00,2
17:69080,2,2.00,2
17:69081,2,2.00,2
17:69082,2,2.00,2
17:69083,2,2.00,2
17:69084,2,2.00,2
17:69085,2,2.00,2
17:69086,2,2.00,2
17:69087,2,2.00,2
17:69088,2,2.00,2
17:69089,2,2.00,2
17:69090,2,2.00,2
17:69091,2,2.00,2
17:69092,2,2.00,2
17:69093,2,2.00,2
17:69094,2,2.00,2
17:69095,2,2.00,2
17:69096,2,2.00,2
17:69097,2,2.00,2
17:69098,2,2.00,2
17:69099,2,2.00,2
17:69100,2,2.00,2
